0.001 0.017
0.002 0.004
0.003 0.004
0.004 0.003
0.005 0.003
0.006 0.003
0.007 0.003
0.008 0.004
0.009 0.002
0.01 0.003
0.011 0.002
0.012 0.003
0.013 0.004
0.014 0.002
0.015 0.003
0.016 0.004
0.017 0.002
0.018 0.004
0.019 0.003
0.02 0.004
0.021 0.003
0.022 0.002
0.023 0.002
0.024 0.004
0.025 0.003
0.026 0.003
0.027 0.002
0.028 0.003
0.029 0.002
0.03 0.004
0.031 0.002
0.032 0.003
0.033 0.003
0.034 0.003
0.035 0.002
0.036 0.002
0.037 0.003
0.038 0.003
0.039 0.002
0.04 0.003
0.041 0.002
0.042 0.003
0.043 0.002
0.044 0.003
0.045 0.003
0.046 0.004
0.047 0.003
0.048 0.007
0.049 0.004
0.05 0.002
0.051 0.002
0.052 0.003
0.053 0.003
0.054 0.002
0.055 0.003
0.056 0.004
0.057 0.003
0.058 0.002
0.059 0.002
0.06 0.003
0.061 0.002
0.062 0.002
0.063 0.003
0.064 0.003
0.065 0.002
0.066 0.002
0.067 0.002
0.068 0.003
0.069 0.004
0.07 0.002
0.071 0.002
0.072 0.003
0.073 0.002
0.074 0.002
0.075 0.002
0.076 0.003
0.077 0.002
0.078 0.002
0.079 0.004
0.08 0.003
0.081 0.002
0.082 0.002
0.083 0.002
0.084 0.002
0.085 0.002
0.086 0.003
0.087 0.002
0.088 0.004
0.089 0.002
0.09 0.003
0.091 0.002
0.092 0.003
0.093 0.002
0.094 0.003
0.095 0.003
0.096 0.004
0.097 0.002
0.098 0.003
0.099 0.002
0.1 0.003
